var oFlowAll_300 = [1717,779,738,645,642,1082,465,604,756,516,0,879,600,728,460,504,1005,479,543,303,182,141,41];
var dFlowAll_300 = [1083,49,132,330,472,1088,445,571,449,789,0,916,797,755,888,511,704,897,675,498,483,709,568];
var odFlowAll_300 = [-2800,-828,-870,-975,-1114,-2170,-910,-1175,-1205,-1305,0,-1795,-1397,-1483,-1348,-1015,-1709,-1376,-1218,-801,-665,-850,-609];
var oFlow_300 = [
[0,0,0,0,0,1,0,0,3,12,0,28,26,50,56,68,114,145,203,125,96,115,41],
[49,0,0,0,0,0,0,0,0,0,0,0,0,0,0,0,0,0,0,0,0,0,0],
[77,55,0,0,0,0,0,0,0,0,0,0,0,0,0,0,0,0,0,0,0,0,0],
[198,63,69,0,0,0,0,0,0,0,0,0,0,0,0,0,0,0,0,0,0,0,0],
[220,97,108,47,0,0,0,0,0,0,0,0,0,0,0,0,0,0,0,0,0,0,0],
[548,207,171,89,73,0,0,0,0,0,0,0,0,0,0,0,0,0,0,0,0,0,0],
[129,60,62,44,57,93,0,0,0,0,0,0,0,0,0,0,0,0,0,0,0,0,0],
[120,82,57,89,74,107,42,0,0,0,0,0,0,0,0,0,0,0,0,0,0,0,0],
[99,25,34,42,59,120,28,42,0,0,0,0,0,0,0,0,0,0,0,0,0,0,0],
[65,65,44,69,79,186,64,98,119,0,0,0,0,0,0,0,0,0,0,0,0,0,0],
[0,0,0,0,0,0,0,0,0,0,0,0,0,0,0,0,0,0,0,0,0,0,0],
[77,41,62,65,84,140,84,95,156,112,0,0,0,0,0,0,0,0,0,0,0,0,0],
[52,32,39,60,63,113,30,62,88,31,0,227,0,0,0,0,0,0,0,0,0,0,0],
[41,37,34,58,71,80,49,62,77,39,0,153,54,0,0,0,0,0,0,0,0,0,0],
[30,13,32,45,57,124,59,54,77,55,0,94,114,134,0,0,0,0,0,0,0,0,0],
[8,2,22,22,12,53,31,29,49,36,0,61,72,74,40,0,0,0,0,0,0,0,0],
[2,0,3,11,5,31,29,54,59,64,0,72,97,118,89,70,0,0,0,0,0,0,0],
[1,0,1,3,2,15,31,58,68,76,0,92,66,124,70,89,201,0,0,0,0,0,0],
[0,0,0,1,1,10,12,25,41,57,0,58,38,44,58,97,200,33,0,0,0,0,0],
[1,0,0,0,4,4,5,18,11,16,0,32,36,54,43,54,134,46,40,0,0,0,0],
[0,0,0,0,1,4,1,3,7,8,0,23,30,41,38,42,100,70,58,57,0,0,0],
[0,0,0,0,0,1,0,3,0,6,0,22,47,55,38,46,165,100,122,53,51,0,0],
[0,0,0,0,0,0,0,1,1,4,0,17,20,34,28,38,91,85,120,68,35,26,0]
];
var dFlow_300 = [
[0,49,77,198,220,548,129,120,99,65,0,77,52,41,30,8,2,1,0,1,0,0,0],
[0,0,55,63,97,207,60,82,25,65,0,41,32,37,13,2,0,0,0,0,0,0,0],
[0,0,0,69,108,171,62,57,34,44,0,62,39,34,32,22,3,1,0,0,0,0,0],
[0,0,0,0,47,89,44,89,42,69,0,65,60,58,45,22,11,3,1,0,0,0,0],
[0,0,0,0,0,73,57,74,59,79,0,84,63,71,57,12,5,2,1,4,1,0,0],
[1,0,0,0,0,0,93,107,120,186,0,140,113,80,124,53,31,15,10,4,4,1,0],
[0,0,0,0,0,0,0,42,28,64,0,84,30,49,59,31,29,31,12,5,1,0,0],
[0,0,0,0,0,0,0,0,42,98,0,95,62,62,54,29,54,58,25,18,3,3,1],
[3,0,0,0,0,0,0,0,0,119,0,156,88,77,77,49,59,68,41,11,7,0,1],
[12,0,0,0,0,0,0,0,0,0,0,112,31,39,55,36,64,76,57,16,8,6,4],
[0,0,0,0,0,0,0,0,0,0,0,0,0,0,0,0,0,0,0,0,0,0,0],
[28,0,0,0,0,0,0,0,0,0,0,0,227,153,94,61,72,92,58,32,23,22,17],
[26,0,0,0,0,0,0,0,0,0,0,0,0,54,114,72,97,66,38,36,30,47,20],
[50,0,0,0,0,0,0,0,0,0,0,0,0,0,134,74,118,124,44,54,41,55,34],
[56,0,0,0,0,0,0,0,0,0,0,0,0,0,0,40,89,70,58,43,38,38,28],
[68,0,0,0,0,0,0,0,0,0,0,0,0,0,0,0,70,89,97,54,42,46,38],
[114,0,0,0,0,0,0,0,0,0,0,0,0,0,0,0,0,201,200,134,100,165,91],
[145,0,0,0,0,0,0,0,0,0,0,0,0,0,0,0,0,0,33,46,70,100,85],
[203,0,0,0,0,0,0,0,0,0,0,0,0,0,0,0,0,0,0,40,58,122,120],
[125,0,0,0,0,0,0,0,0,0,0,0,0,0,0,0,0,0,0,0,57,53,68],
[96,0,0,0,0,0,0,0,0,0,0,0,0,0,0,0,0,0,0,0,0,51,35],
[115,0,0,0,0,0,0,0,0,0,0,0,0,0,0,0,0,0,0,0,0,0,26],
[41,0,0,0,0,0,0,0,0,0,0,0,0,0,0,0,0,0,0,0,0,0,0]
];
var odFlow_300 = [
[-0,-49,-77,-198,-220,-549,-129,-120,-102,-77,-0,-105,-78,-91,-86,-76,-116,-146,-203,-126,-96,-115,-41],
[-49,-0,-55,-63,-97,-207,-60,-82,-25,-65,-0,-41,-32,-37,-13,-2,-0,-0,-0,-0,-0,-0,-0],
[-77,-55,-0,-69,-108,-171,-62,-57,-34,-44,-0,-62,-39,-34,-32,-22,-3,-1,-0,-0,-0,-0,-0],
[-198,-63,-69,-0,-47,-89,-44,-89,-42,-69,-0,-65,-60,-58,-45,-22,-11,-3,-1,-0,-0,-0,-0],
[-220,-97,-108,-47,-0,-73,-57,-74,-59,-79,-0,-84,-63,-71,-57,-12,-5,-2,-1,-4,-1,-0,-0],
[-549,-207,-171,-89,-73,-0,-93,-107,-120,-186,-0,-140,-113,-80,-124,-53,-31,-15,-10,-4,-4,-1,-0],
[-129,-60,-62,-44,-57,-93,-0,-42,-28,-64,-0,-84,-30,-49,-59,-31,-29,-31,-12,-5,-1,-0,-0],
[-120,-82,-57,-89,-74,-107,-42,-0,-42,-98,-0,-95,-62,-62,-54,-29,-54,-58,-25,-18,-3,-3,-1],
[-102,-25,-34,-42,-59,-120,-28,-42,-0,-119,-0,-156,-88,-77,-77,-49,-59,-68,-41,-11,-7,-0,-1],
[-77,-65,-44,-69,-79,-186,-64,-98,-119,-0,-0,-112,-31,-39,-55,-36,-64,-76,-57,-16,-8,-6,-4],
[-0,-0,-0,-0,-0,-0,-0,-0,-0,-0,-0,-0,-0,-0,-0,-0,-0,-0,-0,-0,-0,-0,-0],
[-105,-41,-62,-65,-84,-140,-84,-95,-156,-112,-0,-0,-227,-153,-94,-61,-72,-92,-58,-32,-23,-22,-17],
[-78,-32,-39,-60,-63,-113,-30,-62,-88,-31,-0,-227,-0,-54,-114,-72,-97,-66,-38,-36,-30,-47,-20],
[-91,-37,-34,-58,-71,-80,-49,-62,-77,-39,-0,-153,-54,-0,-134,-74,-118,-124,-44,-54,-41,-55,-34],
[-86,-13,-32,-45,-57,-124,-59,-54,-77,-55,-0,-94,-114,-134,-0,-40,-89,-70,-58,-43,-38,-38,-28],
[-76,-2,-22,-22,-12,-53,-31,-29,-49,-36,-0,-61,-72,-74,-40,-0,-70,-89,-97,-54,-42,-46,-38],
[-116,-0,-3,-11,-5,-31,-29,-54,-59,-64,-0,-72,-97,-118,-89,-70,-0,-201,-200,-134,-100,-165,-91],
[-146,-0,-1,-3,-2,-15,-31,-58,-68,-76,-0,-92,-66,-124,-70,-89,-201,-0,-33,-46,-70,-100,-85],
[-203,-0,-0,-1,-1,-10,-12,-25,-41,-57,-0,-58,-38,-44,-58,-97,-200,-33,-0,-40,-58,-122,-120],
[-126,-0,-0,-0,-4,-4,-5,-18,-11,-16,-0,-32,-36,-54,-43,-54,-134,-46,-40,-0,-57,-53,-68],
[-96,-0,-0,-0,-1,-4,-1,-3,-7,-8,-0,-23,-30,-41,-38,-42,-100,-70,-58,-57,-0,-51,-35],
[-115,-0,-0,-0,-0,-1,-0,-3,-0,-6,-0,-22,-47,-55,-38,-46,-165,-100,-122,-53,-51,-0,-26],
[-41,-0,-0,-0,-0,-0,-0,-1,-1,-4,-0,-17,-20,-34,-28,-38,-91,-85,-120,-68,-35,-26,-0]
];
var oFlowTime_300 = [
[0,0,304,798,89,127,8,105,202,65,19,0],
[0,0,58,249,85,30,24,72,134,97,30,0],
[0,0,26,178,136,19,41,65,142,96,34,1],
[0,0,15,124,110,19,82,35,132,73,50,5],
[0,0,7,123,65,49,35,67,95,123,67,11],
[0,0,23,251,197,101,76,108,123,131,64,8],
[0,0,20,102,57,38,49,31,86,51,30,1],
[0,0,27,165,94,35,59,48,68,63,42,3],
[0,0,25,143,104,66,83,69,110,98,55,3],
[0,0,9,124,73,47,52,21,53,92,41,4],
[0,0,0,0,0,0,0,0,0,0,0,0],
[0,0,7,181,124,103,91,60,106,73,98,36],
[0,0,16,104,82,57,64,34,113,85,30,15],
[0,0,6,204,106,51,73,64,85,65,58,16],
[0,0,1,82,55,39,73,43,76,49,36,6],
[0,0,3,106,115,38,60,42,62,51,18,9],
[0,0,0,219,224,95,108,51,90,112,65,41],
[0,0,0,76,89,37,45,30,65,117,14,6],
[0,0,0,64,65,36,33,38,92,163,48,4],
[0,0,0,44,53,25,38,30,39,48,16,10],
[0,0,0,31,31,22,24,18,14,38,3,1],
[0,0,0,15,38,18,5,11,7,35,9,3],
[0,0,0,2,12,3,4,3,5,11,1,0]
];
var dFlowTime_300 = [
[0,0,0,145,224,127,99,78,60,275,60,15],
[0,0,0,3,7,5,3,3,16,10,2,0],
[0,0,0,23,41,9,11,7,15,19,6,1],
[0,0,3,77,107,11,11,16,48,38,14,5],
[0,0,3,72,49,20,43,57,54,128,43,3],
[0,0,5,118,115,47,46,73,189,330,146,19],
[0,0,5,64,70,44,29,42,46,103,38,4],
[0,0,0,68,69,30,44,47,96,132,76,9],
[0,0,3,100,108,36,29,35,40,60,32,6],
[0,0,6,176,105,61,80,62,102,120,69,8],
[0,0,0,0,0,0,0,0,0,0,0,0],
[0,0,8,137,139,84,76,72,100,137,126,37],
[0,0,1,66,162,70,59,66,110,121,107,35],
[0,0,3,89,107,57,53,70,106,112,112,46],
[0,0,3,108,161,86,87,84,146,130,63,20],
[0,0,1,61,75,58,65,43,76,66,54,12],
[0,0,0,132,120,77,99,55,78,87,39,17],
[0,0,0,181,155,85,83,63,62,182,52,34],
[0,0,0,121,137,71,61,49,58,124,33,21],
[0,0,0,54,89,68,56,29,41,81,43,37],
[0,0,0,77,81,44,42,56,37,101,23,22],
[0,0,0,111,138,83,61,68,34,145,49,20],
[0,0,0,88,76,37,52,44,33,138,76,24]
];
