var oFlowAll_300 = [1912,944,912,892,995,1647,644,880,1066,647,2497,879,600,728,460,504,1005,479,543,303,182,141,41];
var dFlowAll_300 = [1118,49,132,330,472,1088,445,571,449,789,2595,1299,964,906,1155,761,1091,1253,915,653,530,748,588];
var odFlowAll_300 = [-3030,-993,-1044,-1222,-1467,-2735,-1089,-1451,-1515,-1436,-5092,-2178,-1564,-1634,-1615,-1265,-2096,-1732,-1458,-956,-712,-889,-629];
var oFlow_300 = [
[0,0,0,0,0,1,0,0,3,12,35,28,26,50,56,68,114,145,203,125,96,115,41],
[49,0,0,0,0,0,0,0,0,0,0,0,0,0,0,0,0,0,0,0,0,0,0],
[77,55,0,0,0,0,0,0,0,0,0,0,0,0,0,0,0,0,0,0,0,0,0],
[198,63,69,0,0,0,0,0,0,0,0,0,0,0,0,0,0,0,0,0,0,0,0],
[220,97,108,47,0,0,0,0,0,0,0,0,0,0,0,0,0,0,0,0,0,0,0],
[548,207,171,89,73,0,0,0,0,0,0,0,0,0,0,0,0,0,0,0,0,0,0],
[129,60,62,44,57,93,0,0,0,0,0,0,0,0,0,0,0,0,0,0,0,0,0],
[120,82,57,89,74,107,42,0,0,0,0,0,0,0,0,0,0,0,0,0,0,0,0],
[99,25,34,42,59,120,28,42,0,0,0,0,0,0,0,0,0,0,0,0,0,0,0],
[65,65,44,69,79,186,64,98,119,0,0,0,0,0,0,0,0,0,0,0,0,0,0],
[195,165,174,247,353,565,179,276,310,131,0,0,0,0,0,0,0,0,0,0,0,0,0],
[77,41,62,65,84,140,84,95,156,112,383,0,0,0,0,0,0,0,0,0,0,0,0],
[52,32,39,60,63,113,30,62,88,31,167,227,0,0,0,0,0,0,0,0,0,0,0],
[41,37,34,58,71,80,49,62,77,39,151,153,54,0,0,0,0,0,0,0,0,0,0],
[30,13,32,45,57,124,59,54,77,55,267,94,114,134,0,0,0,0,0,0,0,0,0],
[8,2,22,22,12,53,31,29,49,36,250,61,72,74,40,0,0,0,0,0,0,0,0],
[2,0,3,11,5,31,29,54,59,64,387,72,97,118,89,70,0,0,0,0,0,0,0],
[1,0,1,3,2,15,31,58,68,76,356,92,66,124,70,89,201,0,0,0,0,0,0],
[0,0,0,1,1,10,12,25,41,57,240,58,38,44,58,97,200,33,0,0,0,0,0],
[1,0,0,0,4,4,5,18,11,16,155,32,36,54,43,54,134,46,40,0,0,0,0],
[0,0,0,0,1,4,1,3,7,8,47,23,30,41,38,42,100,70,58,57,0,0,0],
[0,0,0,0,0,1,0,3,0,6,39,22,47,55,38,46,165,100,122,53,51,0,0],
[0,0,0,0,0,0,0,1,1,4,20,17,20,34,28,38,91,85,120,68,35,26,0]
];
var dFlow_300 = [
[0,49,77,198,220,548,129,120,99,65,195,77,52,41,30,8,2,1,0,1,0,0,0],
[0,0,55,63,97,207,60,82,25,65,165,41,32,37,13,2,0,0,0,0,0,0,0],
[0,0,0,69,108,171,62,57,34,44,174,62,39,34,32,22,3,1,0,0,0,0,0],
[0,0,0,0,47,89,44,89,42,69,247,65,60,58,45,22,11,3,1,0,0,0,0],
[0,0,0,0,0,73,57,74,59,79,353,84,63,71,57,12,5,2,1,4,1,0,0],
[1,0,0,0,0,0,93,107,120,186,565,140,113,80,124,53,31,15,10,4,4,1,0],
[0,0,0,0,0,0,0,42,28,64,179,84,30,49,59,31,29,31,12,5,1,0,0],
[0,0,0,0,0,0,0,0,42,98,276,95,62,62,54,29,54,58,25,18,3,3,1],
[3,0,0,0,0,0,0,0,0,119,310,156,88,77,77,49,59,68,41,11,7,0,1],
[12,0,0,0,0,0,0,0,0,0,131,112,31,39,55,36,64,76,57,16,8,6,4],
[35,0,0,0,0,0,0,0,0,0,0,383,167,151,267,250,387,356,240,155,47,39,20],
[28,0,0,0,0,0,0,0,0,0,0,0,227,153,94,61,72,92,58,32,23,22,17],
[26,0,0,0,0,0,0,0,0,0,0,0,0,54,114,72,97,66,38,36,30,47,20],
[50,0,0,0,0,0,0,0,0,0,0,0,0,0,134,74,118,124,44,54,41,55,34],
[56,0,0,0,0,0,0,0,0,0,0,0,0,0,0,40,89,70,58,43,38,38,28],
[68,0,0,0,0,0,0,0,0,0,0,0,0,0,0,0,70,89,97,54,42,46,38],
[114,0,0,0,0,0,0,0,0,0,0,0,0,0,0,0,0,201,200,134,100,165,91],
[145,0,0,0,0,0,0,0,0,0,0,0,0,0,0,0,0,0,33,46,70,100,85],
[203,0,0,0,0,0,0,0,0,0,0,0,0,0,0,0,0,0,0,40,58,122,120],
[125,0,0,0,0,0,0,0,0,0,0,0,0,0,0,0,0,0,0,0,57,53,68],
[96,0,0,0,0,0,0,0,0,0,0,0,0,0,0,0,0,0,0,0,0,51,35],
[115,0,0,0,0,0,0,0,0,0,0,0,0,0,0,0,0,0,0,0,0,0,26],
[41,0,0,0,0,0,0,0,0,0,0,0,0,0,0,0,0,0,0,0,0,0,0]
];
var odFlow_300 = [
[-0,-49,-77,-198,-220,-549,-129,-120,-102,-77,-230,-105,-78,-91,-86,-76,-116,-146,-203,-126,-96,-115,-41],
[-49,-0,-55,-63,-97,-207,-60,-82,-25,-65,-165,-41,-32,-37,-13,-2,-0,-0,-0,-0,-0,-0,-0],
[-77,-55,-0,-69,-108,-171,-62,-57,-34,-44,-174,-62,-39,-34,-32,-22,-3,-1,-0,-0,-0,-0,-0],
[-198,-63,-69,-0,-47,-89,-44,-89,-42,-69,-247,-65,-60,-58,-45,-22,-11,-3,-1,-0,-0,-0,-0],
[-220,-97,-108,-47,-0,-73,-57,-74,-59,-79,-353,-84,-63,-71,-57,-12,-5,-2,-1,-4,-1,-0,-0],
[-549,-207,-171,-89,-73,-0,-93,-107,-120,-186,-565,-140,-113,-80,-124,-53,-31,-15,-10,-4,-4,-1,-0],
[-129,-60,-62,-44,-57,-93,-0,-42,-28,-64,-179,-84,-30,-49,-59,-31,-29,-31,-12,-5,-1,-0,-0],
[-120,-82,-57,-89,-74,-107,-42,-0,-42,-98,-276,-95,-62,-62,-54,-29,-54,-58,-25,-18,-3,-3,-1],
[-102,-25,-34,-42,-59,-120,-28,-42,-0,-119,-310,-156,-88,-77,-77,-49,-59,-68,-41,-11,-7,-0,-1],
[-77,-65,-44,-69,-79,-186,-64,-98,-119,-0,-131,-112,-31,-39,-55,-36,-64,-76,-57,-16,-8,-6,-4],
[-230,-165,-174,-247,-353,-565,-179,-276,-310,-131,-0,-383,-167,-151,-267,-250,-387,-356,-240,-155,-47,-39,-20],
[-105,-41,-62,-65,-84,-140,-84,-95,-156,-112,-383,-0,-227,-153,-94,-61,-72,-92,-58,-32,-23,-22,-17],
[-78,-32,-39,-60,-63,-113,-30,-62,-88,-31,-167,-227,-0,-54,-114,-72,-97,-66,-38,-36,-30,-47,-20],
[-91,-37,-34,-58,-71,-80,-49,-62,-77,-39,-151,-153,-54,-0,-134,-74,-118,-124,-44,-54,-41,-55,-34],
[-86,-13,-32,-45,-57,-124,-59,-54,-77,-55,-267,-94,-114,-134,-0,-40,-89,-70,-58,-43,-38,-38,-28],
[-76,-2,-22,-22,-12,-53,-31,-29,-49,-36,-250,-61,-72,-74,-40,-0,-70,-89,-97,-54,-42,-46,-38],
[-116,-0,-3,-11,-5,-31,-29,-54,-59,-64,-387,-72,-97,-118,-89,-70,-0,-201,-200,-134,-100,-165,-91],
[-146,-0,-1,-3,-2,-15,-31,-58,-68,-76,-356,-92,-66,-124,-70,-89,-201,-0,-33,-46,-70,-100,-85],
[-203,-0,-0,-1,-1,-10,-12,-25,-41,-57,-240,-58,-38,-44,-58,-97,-200,-33,-0,-40,-58,-122,-120],
[-126,-0,-0,-0,-4,-4,-5,-18,-11,-16,-155,-32,-36,-54,-43,-54,-134,-46,-40,-0,-57,-53,-68],
[-96,-0,-0,-0,-1,-4,-1,-3,-7,-8,-47,-23,-30,-41,-38,-42,-100,-70,-58,-57,-0,-51,-35],
[-115,-0,-0,-0,-0,-1,-0,-3,-0,-6,-39,-22,-47,-55,-38,-46,-165,-100,-122,-53,-51,-0,-26],
[-41,-0,-0,-0,-0,-0,-0,-1,-1,-4,-20,-17,-20,-34,-28,-38,-91,-85,-120,-68,-35,-26,-0]
];
var oFlowTime_300 = [
[0,0,368,895,104,132,11,107,206,68,21,0],
[0,0,74,324,96,43,27,84,148,112,36,0],
[0,0,36,265,164,24,50,70,151,113,37,2],
[0,0,32,211,153,34,101,53,158,88,57,5],
[0,0,44,197,128,85,67,97,121,155,87,14],
[0,0,39,394,347,194,125,157,154,150,76,11],
[0,0,28,135,99,62,63,48,114,61,32,2],
[0,0,47,232,159,70,95,73,82,71,46,5],
[0,0,43,217,158,96,121,108,138,122,59,4],
[0,0,17,156,103,58,59,32,64,108,46,4],
[0,0,24,294,275,279,339,399,533,278,64,12],
[0,0,7,181,124,103,91,60,106,73,98,36],
[0,0,16,104,82,57,64,34,113,85,30,15],
[0,0,6,204,106,51,73,64,85,65,58,16],
[0,0,1,82,55,39,73,43,76,49,36,6],
[0,0,3,106,115,38,60,42,62,51,18,9],
[0,0,0,219,224,95,108,51,90,112,65,41],
[0,0,0,76,89,37,45,30,65,117,14,6],
[0,0,0,64,65,36,33,38,92,163,48,4],
[0,0,0,44,53,25,38,30,39,48,16,10],
[0,0,0,31,31,22,24,18,14,38,3,1],
[0,0,0,15,38,18,5,11,7,35,9,3],
[0,0,0,2,12,3,4,3,5,11,1,0]
];
var dFlowTime_300 = [
[0,0,0,147,225,136,111,82,63,278,61,15],
[0,0,0,3,7,5,3,3,16,10,2,0],
[0,0,0,23,41,9,11,7,15,19,6,1],
[0,0,3,77,107,11,11,16,48,38,14,5],
[0,0,3,72,49,20,43,57,54,128,43,3],
[0,0,5,118,115,47,46,73,189,330,146,19],
[0,0,5,64,70,44,29,42,46,103,38,4],
[0,0,0,68,69,30,44,47,96,132,76,9],
[0,0,3,100,108,36,29,35,40,60,32,6],
[0,0,6,176,105,61,80,62,102,120,69,8],
[0,0,53,600,539,353,249,246,230,194,92,39],
[0,0,11,173,175,137,113,151,177,187,138,37],
[0,0,1,78,188,84,69,85,163,150,108,38],
[0,0,3,94,116,76,70,106,143,128,124,46],
[0,0,3,117,197,105,124,129,225,170,64,21],
[0,0,1,70,106,96,105,95,120,95,59,14],
[0,0,0,164,172,127,144,107,144,155,55,23],
[0,0,0,215,191,141,118,104,116,268,63,37],
[0,0,0,146,154,100,104,93,93,162,40,23],
[0,0,0,74,103,94,84,47,57,107,48,39],
[0,0,0,80,88,49,43,62,43,117,26,22],
[0,0,0,121,142,89,68,71,34,151,51,21],
[0,0,0,88,76,40,56,45,35,148,76,24]
];
