var oFlowAll = [14658,7526,7184,7806,9747,10677,6959,4422,4761,4924,7722,6646,12056,3017,4404,9624,5992,5336,7719,12357,14561,9670,9454];
var dFlowAll = [13532,7222,7089,6813,9088,10152,7451,5399,5676,5049,8733,8087,12970,3391,4061,9828,6185,5524,7876,12215,14594,9356,6931];
var oFlow = [
[0,275,309,315,499,1155,841,571,486,473,741,731,1258,233,328,889,415,467,588,878,1067,561,452],
[221,0,90,122,439,747,556,516,396,312,441,315,570,85,140,322,184,228,254,353,487,245,199],
[356,107,0,67,229,607,402,332,276,285,522,368,581,109,149,340,246,247,331,517,517,294,207],
[289,109,37,0,79,297,306,229,266,322,485,505,613,94,156,422,230,279,400,539,637,258,261],
[499,453,195,71,0,318,334,241,364,361,524,592,873,174,191,501,338,381,521,681,777,397,302],
[1081,645,618,327,274,0,192,126,296,312,396,407,817,151,217,554,350,324,462,726,980,444,453],
[894,562,413,382,433,215,0,43,134,161,232,334,625,140,141,390,227,235,324,462,582,250,272],
[703,584,401,351,386,178,40,0,109,56,275,110,249,130,128,186,144,142,172,281,357,233,184],
[522,451,301,354,426,306,113,130,0,37,546,80,239,150,212,273,125,113,162,380,359,192,205],
[537,346,313,381,419,370,142,52,35,0,74,72,232,84,105,199,139,135,205,347,418,236,208],
[876,476,574,579,636,516,237,89,54,76,0,40,254,329,430,707,204,158,333,594,762,431,378],
[886,398,469,698,801,497,361,135,69,110,48,0,167,73,46,227,232,203,251,583,773,619,441],
[1258,512,560,624,860,908,574,274,266,311,329,236,0,248,356,895,500,312,477,999,1120,730,621],
[288,110,130,122,205,232,177,109,237,90,121,85,295,0,170,259,63,43,114,162,165,86,128],
[416,140,147,170,241,232,144,102,253,100,65,24,187,151,0,387,110,74,100,286,292,237,203],
[886,313,340,420,470,577,354,188,256,261,325,250,885,223,510,0,74,168,341,764,929,584,710],
[487,185,224,293,370,369,211,126,111,156,230,204,425,49,51,61,0,96,246,544,711,547,489],
[584,263,255,311,430,297,243,117,84,142,164,145,298,46,56,140,97,0,112,378,521,437,404],
[695,307,331,448,518,453,311,161,131,224,316,200,372,66,92,281,235,92,0,209,739,774,921],
[985,376,504,575,668,737,435,248,312,338,566,521,834,137,281,543,563,376,163,0,698,1140,1215],
[1145,528,527,674,781,920,523,319,316,387,689,600,1051,168,278,888,654,582,832,873,0,802,1057],
[672,240,296,351,377,497,276,204,176,246,383,552,725,100,240,620,505,387,706,913,746,0,144],
[378,146,150,171,206,249,187,110,134,164,250,275,506,77,127,540,357,294,625,888,924,173,0]
];
var dFlow = [
[0,221,356,289,499,1081,894,703,522,537,876,886,1258,288,416,886,487,584,695,985,1145,672,378],
[275,0,107,109,453,645,562,584,451,346,476,398,512,110,140,313,185,263,307,376,528,240,146],
[309,90,0,37,195,618,413,401,301,313,574,469,560,130,147,340,224,255,331,504,527,296,150],
[315,122,67,0,71,327,382,351,354,381,579,698,624,122,170,420,293,311,448,575,674,351,171],
[499,439,229,79,0,274,433,386,426,419,636,801,860,205,241,470,370,430,518,668,781,377,206],
[1155,747,607,297,318,0,215,178,306,370,516,497,908,232,232,577,369,297,453,737,920,497,249],
[841,556,402,306,334,192,0,40,113,142,237,361,574,177,144,354,211,243,311,435,523,276,187],
[571,516,332,229,241,126,43,0,130,52,89,135,274,109,102,188,126,117,161,248,319,204,110],
[486,396,276,266,364,296,134,109,0,35,54,69,266,237,253,256,111,84,131,312,316,176,134],
[473,312,285,322,361,312,161,56,37,0,76,110,311,90,100,261,156,142,224,338,387,246,164],
[741,441,522,485,524,396,232,275,546,74,0,48,329,121,65,325,230,164,316,566,689,383,250],
[731,315,368,505,592,407,334,110,80,72,40,0,236,85,24,250,204,145,200,521,600,552,275],
[1258,570,581,613,873,817,625,249,239,232,254,167,0,295,187,885,425,298,372,834,1051,725,506],
[233,85,109,94,174,151,140,130,150,84,329,73,248,0,151,223,49,46,66,137,168,100,77],
[328,140,149,156,191,217,141,128,212,105,430,46,356,170,0,510,51,56,92,281,278,240,127],
[889,322,340,422,501,554,390,186,273,199,707,227,895,259,387,0,61,140,281,543,888,620,540],
[415,184,246,230,338,350,227,144,125,139,204,232,500,63,110,74,0,97,235,563,654,505,357],
[467,228,247,279,381,324,235,142,113,135,158,203,312,43,74,168,96,0,92,376,582,387,294],
[588,254,331,400,521,462,324,172,162,205,333,251,477,114,100,341,246,112,0,163,832,706,625],
[878,353,517,539,681,726,462,281,380,347,594,583,999,162,286,764,544,378,209,0,873,913,888],
[1067,487,517,637,777,980,582,357,359,418,762,773,1120,165,292,929,711,521,739,698,0,746,924],
[561,245,294,258,397,444,250,233,192,236,431,619,730,86,237,584,547,437,774,1140,802,0,173],
[452,199,207,261,302,453,272,184,205,208,378,441,621,128,203,710,489,404,921,1215,1057,144,0]
];
var odFlow = [
[-0,-496,-665,-604,-998,-2236,-1735,-1274,-1008,-1010,-1617,-1617,-2516,-521,-744,-1775,-902,-1051,-1283,-1863,-2212,-1233,-830],
[-496,-0,-197,-231,-892,-1392,-1118,-1100,-847,-658,-917,-713,-1082,-195,-280,-635,-369,-491,-561,-729,-1015,-485,-345],
[-665,-197,-0,-104,-424,-1225,-815,-733,-577,-598,-1096,-837,-1141,-239,-296,-680,-470,-502,-662,-1021,-1044,-590,-357],
[-604,-231,-104,-0,-150,-624,-688,-580,-620,-703,-1064,-1203,-1237,-216,-326,-842,-523,-590,-848,-1114,-1311,-609,-432],
[-998,-892,-424,-150,-0,-592,-767,-627,-790,-780,-1160,-1393,-1733,-379,-432,-971,-708,-811,-1039,-1349,-1558,-774,-508],
[-2236,-1392,-1225,-624,-592,-0,-407,-304,-602,-682,-912,-904,-1725,-383,-449,-1131,-719,-621,-915,-1463,-1900,-941,-702],
[-1735,-1118,-815,-688,-767,-407,-0,-83,-247,-303,-469,-695,-1199,-317,-285,-744,-438,-478,-635,-897,-1105,-526,-459],
[-1274,-1100,-733,-580,-627,-304,-83,-0,-239,-108,-364,-245,-523,-239,-230,-374,-270,-259,-333,-529,-676,-437,-294],
[-1008,-847,-577,-620,-790,-602,-247,-239,-0,-72,-600,-149,-505,-387,-465,-529,-236,-197,-293,-692,-675,-368,-339],
[-1010,-658,-598,-703,-780,-682,-303,-108,-72,-0,-150,-182,-543,-174,-205,-460,-295,-277,-429,-685,-805,-482,-372],
[-1617,-917,-1096,-1064,-1160,-912,-469,-364,-600,-150,-0,-88,-583,-450,-495,-1032,-434,-322,-649,-1160,-1451,-814,-628],
[-1617,-713,-837,-1203,-1393,-904,-695,-245,-149,-182,-88,-0,-403,-158,-70,-477,-436,-348,-451,-1104,-1373,-1171,-716],
[-2516,-1082,-1141,-1237,-1733,-1725,-1199,-523,-505,-543,-583,-403,-0,-543,-543,-1780,-925,-610,-849,-1833,-2171,-1455,-1127],
[-521,-195,-239,-216,-379,-383,-317,-239,-387,-174,-450,-158,-543,-0,-321,-482,-112,-89,-180,-299,-333,-186,-205],
[-744,-280,-296,-326,-432,-449,-285,-230,-465,-205,-495,-70,-543,-321,-0,-897,-161,-130,-192,-567,-570,-477,-330],
[-1775,-635,-680,-842,-971,-1131,-744,-374,-529,-460,-1032,-477,-1780,-482,-897,-0,-135,-308,-622,-1307,-1817,-1204,-1250],
[-902,-369,-470,-523,-708,-719,-438,-270,-236,-295,-434,-436,-925,-112,-161,-135,-0,-193,-481,-1107,-1365,-1052,-846],
[-1051,-491,-502,-590,-811,-621,-478,-259,-197,-277,-322,-348,-610,-89,-130,-308,-193,-0,-204,-754,-1103,-824,-698],
[-1283,-561,-662,-848,-1039,-915,-635,-333,-293,-429,-649,-451,-849,-180,-192,-622,-481,-204,-0,-372,-1571,-1480,-1546],
[-1863,-729,-1021,-1114,-1349,-1463,-897,-529,-692,-685,-1160,-1104,-1833,-299,-567,-1307,-1107,-754,-372,-0,-1571,-2053,-2103],
[-2212,-1015,-1044,-1311,-1558,-1900,-1105,-676,-675,-805,-1451,-1373,-2171,-333,-570,-1817,-1365,-1103,-1571,-1571,-0,-1548,-1981],
[-1233,-485,-590,-609,-774,-941,-526,-437,-368,-482,-814,-1171,-1455,-186,-477,-1204,-1052,-824,-1480,-2053,-1548,-0,-317],
[-830,-345,-357,-432,-508,-702,-459,-294,-339,-372,-628,-716,-1127,-205,-330,-1250,-846,-698,-1546,-2103,-1981,-317,-0]
];
var oFlowTime = [
[0,0,343,5499,4049,1093,991,831,926,633,258,35],
[1,0,135,2645,2219,504,520,392,580,343,142,45],
[0,0,85,2360,1885,532,487,519,655,463,146,52],
[5,1,55,2819,2354,487,421,432,614,411,160,47],
[0,0,45,3016,2941,657,564,524,876,712,341,71],
[0,0,56,1924,2086,986,852,837,1587,1310,614,425],
[0,0,32,1335,1489,444,476,493,974,947,613,156],
[2,0,17,475,754,417,365,392,760,887,297,56],
[0,0,21,540,662,348,380,432,1228,795,273,82],
[0,0,11,634,852,362,361,394,1250,731,254,75],
[1,1,16,763,1134,660,585,752,1891,1361,454,104],
[0,0,7,199,427,436,448,557,2124,1790,539,119],
[0,0,20,355,659,717,1069,1627,2754,2540,1813,502],
[1,1,14,118,216,222,367,337,699,464,294,284],
[1,3,26,259,357,404,632,647,1073,672,276,54],
[1,1,22,173,449,586,938,1187,2082,2164,1458,563],
[0,0,17,225,563,589,537,749,1503,1257,449,103],
[0,1,10,292,494,426,391,569,1368,1340,362,83],
[0,0,16,278,540,500,583,689,1823,2372,755,163],
[0,0,31,1092,1488,1045,1041,1126,2239,3098,933,264],
[0,0,63,1851,2565,1177,1283,1292,2160,2825,1043,302],
[0,0,50,1802,2829,824,788,581,1127,1267,327,75],
[0,0,91,2163,3214,755,670,493,834,948,251,35]
];
var dFlowTime = [
[0,0,20,643,898,680,692,968,2330,4402,1881,1018],
[0,0,6,383,608,374,389,451,1154,2221,1109,527],
[0,0,13,420,814,434,400,493,1178,2073,852,412],
[0,0,29,390,687,370,386,451,1246,2208,737,309],
[0,0,13,658,917,432,514,582,1778,2729,1065,400],
[0,0,18,1329,1709,769,846,1020,1471,1950,749,291],
[0,0,13,799,1425,533,476,536,1209,1708,531,221],
[0,5,20,898,1440,454,415,445,641,741,234,106],
[4,0,9,1034,1348,426,484,383,686,858,318,126],
[0,0,11,1104,1322,326,311,337,539,725,262,112],
[1,2,32,1478,2398,691,635,619,965,1142,573,197],
[0,0,10,1362,3842,542,597,487,494,496,171,86],
[0,0,9,1223,2802,1583,1576,1687,1741,1858,360,131],
[2,2,8,504,592,467,323,398,316,674,76,29],
[0,1,19,663,1039,649,475,371,299,322,168,55],
[0,0,26,880,2908,1162,995,1035,1164,1265,316,77],
[0,0,21,996,2112,589,675,495,513,565,145,74],
[0,0,8,594,2306,508,471,443,462,455,173,104],
[0,0,8,654,3603,807,613,555,651,669,237,79],
[0,0,23,967,4200,1093,1016,1107,1576,1588,492,153],
[0,0,14,886,3987,1319,1252,1309,1987,2487,987,366],
[0,0,19,514,1501,593,609,756,1594,2463,947,360],
[0,0,1,293,951,341,347,435,1007,1889,1083,584]
];
